-8.303017616271972656e+00
7.788861751556396484e+00
4.241695404052734375e+00
3.949882268905639648e+00
1.131096267700195312e+01
1.287672901153564453e+01
3.130227851867675781e+01
-7.868529796600341797e+00
-1.362202167510986328e+01
-1.230554103851318359e+01
-4.798297882080078125e+00
-3.958448886871337891e+00
-5.960645198822021484e+00
1.810148811340332031e+01
1.743243789672851562e+01
1.949945259094238281e+01
1.308627796173095703e+01
1.589970207214355469e+01
3.351917648315429688e+01
4.035409164428710938e+01
3.403053045272827148e+00
-7.437997817993164062e+00
3.266923427581787109e+00
-4.003283500671386719e+00
3.115657567977905273e+00
7.213075637817382812e+00
7.079293251037597656e+00
9.897918701171875000e+00
2.222299385070800781e+01
1.678911781311035156e+01
1.642088890075683594e+01
4.547203540802001953e+00
4.763278007507324219e+00
5.054510593414306641e+00
-5.493069887161254883e-01
6.929726123809814453e+00
-7.585343718528747559e-01
-1.124278903007507324e+00
-1.846873283386230469e+00
-2.629378080368041992e+00
3.941870450973510742e+00
8.070186614990234375e+00
-1.391051483154296875e+01
-1.991041564941406250e+01
-8.289666175842285156e+00
-1.390537261962890625e+01
-7.506848335266113281e+00
-4.033885478973388672e+00
3.587933629751205444e-02
-4.031088829040527344e+00
1.565869522094726562e+01
1.503061676025390625e+01
1.275350379943847656e+01
1.219145011901855469e+01
9.854000091552734375e+00
3.681561231613159180e+00
1.316212081909179688e+01
3.871809387207031250e+01
4.245078659057617188e+01
2.372245597839355469e+01
-2.832350540161132812e+01
-2.411846351623535156e+01
-4.718883931636810303e-01
9.235802650451660156e+00
9.187175035476684570e-01
3.499541997909545898e+00
6.360881805419921875e+00
6.521384716033935547e+00
1.465170574188232422e+01
3.098525047302246094e+01
1.801237869262695312e+01
1.682004737854003906e+01
7.025179862976074219e+00
9.726371765136718750e+00
8.682834625244140625e+00
1.733227157592773438e+01
1.880181312561035156e+01
5.463068962097167969e+00
1.026628303527832031e+01
1.411034774780273438e+01
1.442991065979003906e+01
1.682512283325195312e+01
-7.347251415252685547e+00
-8.377943038940429688e+00
-1.713909721374511719e+01
-5.846433639526367188e+00
-6.030094623565673828e+00
1.375991582870483398e+00
6.340424060821533203e+00
9.900635719299316406e+00
7.794679164886474609e+00
8.734646797180175781e+00
7.467942237854003906e+00
5.926414489746093750e+00
9.301385879516601562e+00
9.198132514953613281e+00
-9.519091606140136719e+00
-2.407802104949951172e+00
-6.258659362792968750e-01
-3.361091613769531250e+00
-9.657986640930175781e+00
-8.690084218978881836e-01
-1.129203510284423828e+01
-3.600602626800537109e+00
-1.178508090972900391e+01
-6.322113037109375000e+00
-4.614563941955566406e+00
-1.058411374688148499e-01
1.302236557006835938e+00
5.354412078857421875e+00
-3.784545958042144775e-01
1.601810574531555176e+00
1.209754824638366699e+00
3.326900482177734375e+00
-2.582490921020507812e+00
-9.041769981384277344e+00
-5.337265968322753906e+00
-1.469437980651855469e+01
-8.152629852294921875e+00
-1.444214439392089844e+01
-1.030884456634521484e+01
-1.037658214569091797e+01
-3.362998723983764648e+00
-9.031847953796386719e+00
-1.384446716308593750e+01
-1.548159980773925781e+01
-8.790483474731445312e+00
-1.944854497909545898e+00
-6.482360839843750000e+00
-1.088555431365966797e+01
-8.223999977111816406e+00
3.392015695571899414e+00
-1.091820240020751953e+01
1.964348793029785156e+00
-7.708892822265625000e+00
-1.502346515655517578e+01
-1.556108951568603516e+01
-1.567552471160888672e+01
-2.599678611755371094e+01
-1.113829708099365234e+01
-5.165722846984863281e+00
1.417919826507568359e+01
1.230911064147949219e+01
1.113006305694580078e+01
-1.734807014465332031e+01
-6.752840518951416016e+00
-9.245261192321777344e+00
-1.390782165527343750e+01
-4.749274253845214844e+00
-2.859800338745117188e+00
-1.468330669403076172e+01
-4.678115844726562500e+00
-1.477804946899414062e+01
-8.449008941650390625e+00
-1.434637165069580078e+01
-1.765441322326660156e+01
1.748409271240234375e+01
2.258404016494750977e+00
9.141182899475097656e+00
1.842923164367675781e+01
1.216745948791503906e+01
1.001618480682373047e+01
1.041534805297851562e+01
7.670492649078369141e+00
1.872130203247070312e+01
4.419215202331542969e+00
9.763319969177246094e+00
-1.107224464416503906e+01
-1.177923297882080078e+01
-1.495577049255371094e+01
-1.127296733856201172e+01
-1.885888671875000000e+01
-2.002235984802246094e+01
-7.433180809020996094e+00
-7.700021743774414062e+00
3.431578063964843750e+01
3.635729217529296875e+01
2.279380989074707031e+01
1.999486923217773438e+01
1.607388496398925781e+01
4.612686634063720703e+00
-1.252794563770294189e-01
7.389698505401611328e+00
1.746845054626464844e+01
1.456855964660644531e+01
9.419155120849609375e+00
1.364145946502685547e+01
1.816352272033691406e+01
6.406935691833496094e+00
5.533891677856445312e+00
1.485672664642333984e+01
-3.385454559326171875e+01
-2.570270538330078125e+01
-2.404167556762695312e+01
-2.210467529296875000e+01
-2.266172027587890625e+01
-9.587980270385742188e+00
-2.450120162963867188e+01
-1.303819370269775391e+01
-2.204495620727539062e+01
-1.097701454162597656e+01
-1.005013275146484375e+01
-2.810079336166381836e+00
-2.286353349685668945e+00
-2.241753768920898438e+01
-9.927402496337890625e+00
1.958130073547363281e+01
9.498025894165039062e+00
1.335294246673583984e+01
1.080779075622558594e+01
9.253853797912597656e+00
1.294162750244140625e+01
2.334456253051757812e+01
2.079527091979980469e+01
1.558586788177490234e+01
1.759425544738769531e+01
1.310794544219970703e+01
8.145612716674804688e+00
2.174555015563964844e+01
1.612398910522460938e+01
2.123892784118652344e+01
-9.539821624755859375e+00
-1.204701805114746094e+01
-1.550581073760986328e+01
-2.040735054016113281e+01
-1.656998443603515625e+01
-5.293057918548583984e+00
-1.964550781250000000e+01
-1.540666961669921875e+01
-7.312381267547607422e+00
-8.064542770385742188e+00
8.142791748046875000e+00
9.918107986450195312e+00
1.071894264221191406e+01
1.989759063720703125e+01
1.897677040100097656e+01
4.715768337249755859e+00
8.034842610359191895e-01
1.549163341522216797e+00
5.369531631469726562e+00
9.257700920104980469e+00
5.470968246459960938e+00
3.111592531204223633e-01
-4.549319744110107422e+00
3.560629129409790039e+00
-8.743127822875976562e+00
-1.898045837879180908e-01
-8.871248245239257812e+00
-3.935864210128784180e+00
1.360942935943603516e+01
1.035064411163330078e+01
7.882255077362060547e+00
7.709637641906738281e+00
8.322701454162597656e+00
3.836291790008544922e+00
5.791445255279541016e+00
8.003325462341308594e+00
9.173238754272460938e+00
1.265614032745361328e+01
-3.625055551528930664e+00
4.358576774597167969e+00
1.832720184326171875e+01
1.050356388092041016e+01
1.658809471130371094e+01
1.534581184387207031e+01
9.260781288146972656e+00
2.851481437683105469e+00
4.067827701568603516e+00
6.835172653198242188e+00
-7.555305480957031250e+00
-8.791522979736328125e+00
-8.778159141540527344e+00
-7.643724441528320312e+00
-8.124284744262695312e-01
4.765151023864746094e+00
9.745618820190429688e+00
6.161353588104248047e+00
1.052928829193115234e+01
1.791783714294433594e+01
7.429327368736267090e-01
1.890619516372680664e+00
9.074949264526367188e+00
1.659144401550292969e+01
6.186735153198242188e+00
-4.668719321489334106e-02
-7.603745460510253906e-01
6.423360824584960938e+00
-1.055877876281738281e+01
-7.581629753112792969e+00
4.462727606296539307e-01
-1.123422622680664062e+00
-3.541989326477050781e+00
-3.757120370864868164e+00
-5.924293041229248047e+00
-3.713827133178710938e+00
5.228959769010543823e-02
-4.695545196533203125e+00
4.585917294025421143e-01
9.385144233703613281e+00
2.613708114624023438e+01
2.766251945495605469e+01
3.189649009704589844e+01
3.946628570556640625e+01
3.423411178588867188e+01
3.214171600341796875e+01
2.304918479919433594e+01
2.066163063049316406e+01
2.699143600463867188e+01
-5.435378265380859375e+01
-5.690605545043945312e+01
-4.147259902954101562e+01
-5.363457489013671875e+01
1.659366798400878906e+01
1.367148399353027344e+01
1.051940822601318359e+01
-1.028055906295776367e+00
7.368612766265869141e+00
1.441142559051513672e+01
1.209045028686523438e+01
1.065962982177734375e+01
1.146070957183837891e+01
7.023319244384765625e+00
6.235025405883789062e+00
1.037291145324707031e+01
-1.477444839477539062e+01
-1.485615348815917969e+01
-8.826415061950683594e+00
-4.375260829925537109e+00
-1.143551349639892578e+00
-6.506912708282470703e+00
-9.392629623413085938e+00
-5.093962192535400391e+00
3.096820116043090820e+00
1.764040946960449219e+00
-9.471255302429199219e+00
-5.087382793426513672e-01
9.569457769393920898e-01
2.529078245162963867e+00
-4.698373794555664062e+00
6.601422309875488281e+00
-2.623908758163452148e+00
-3.493383169174194336e+00
9.082874298095703125e+00
3.548896312713623047e+00
-1.689043045043945312e+00
-2.107436895370483398e+00
1.697330117225646973e+00
-1.054001617431640625e+01
-2.326292276382446289e+00
6.390117168426513672e+00
1.873678016662597656e+01
1.623639678955078125e+01
9.390678405761718750e+00
1.453272342681884766e+01
1.403383159637451172e+01
8.370369911193847656e+00
6.295165061950683594e+00
1.266221523284912109e+01
7.013849258422851562e+00
-3.195107698440551758e+00
-1.962457895278930664e+00
4.044011116027832031e+00
2.733180236816406250e+01
2.095743560791015625e+01
3.397837448120117188e+01
1.670521354675292969e+01
2.981784629821777344e+01
4.561873435974121094e+00
2.781267464160919189e-01
-2.888484716415405273e+00
-8.696589469909667969e-01
7.255244255065917969e+00
-2.044139099121093750e+01
-2.001255798339843750e+01
-1.253640270233154297e+01
-9.894387245178222656e+00
-1.140500450134277344e+01
-8.780585289001464844e+00
-3.420687198638916016e+00
-1.028150177001953125e+01
-7.817585945129394531e+00
-7.221745252609252930e-01
2.518937683105468750e+01
6.889330863952636719e+00
-2.128730058670043945e+00
5.902737617492675781e+00
1.194556903839111328e+01
-4.591041088104248047e+00
1.223324060440063477e+00
-2.762070000171661377e-01
-3.754335343837738037e-01
-2.824948549270629883e+00
6.495918035507202148e-01
5.845737934112548828e+00
-6.885799884796142578e+00
5.832397937774658203e+00
-7.241500854492187500e+00
-1.102616119384765625e+01
-2.011810874938964844e+01
-3.766536331176757812e+01
-1.333417987823486328e+01
-9.470177650451660156e+00
-1.778654861450195312e+01
-1.508968734741210938e+01
-2.025476455688476562e+01
-1.220124125480651855e+00
-8.806196212768554688e+00
2.491899967193603516e+00
7.982568740844726562e+00
-1.375437831878662109e+01
-1.250545787811279297e+01
-1.199745273590087891e+01
-1.323863506317138672e+01
-1.321980571746826172e+01
-1.648130798339843750e+01
-3.152638435363769531e+01
-3.521920013427734375e+01
-2.430941009521484375e+01
-2.253032112121582031e+01
1.132871627807617188e+01
1.692949104309082031e+01
-8.895807266235351562e+00
8.316353797912597656e+00
6.986531734466552734e+00
2.622125148773193359e+00
-5.188066005706787109e+00
-2.542251825332641602e+00
6.410103797912597656e+00
1.125743484497070312e+01
7.735870361328125000e+00
1.375725173950195312e+01
9.000994682312011719e+00
-3.087058067321777344e+00
1.423549950122833252e-01
2.475803136825561523e+00
1.746938133239746094e+01
-3.427529096603393555e+00
-1.180267715454101562e+01
-2.436530685424804688e+01
-1.218565273284912109e+01
-1.261750221252441406e+01
-6.222085952758789062e+00
-7.726795196533203125e+00
-7.628580093383789062e+00
-1.292879962921142578e+01
-1.032393836975097656e+01
-8.824331283569335938e+00
-1.158002567291259766e+01
-2.024180412292480469e+01
-2.537848281860351562e+01
-1.778043937683105469e+01
-8.841154098510742188e+00
-2.003395271301269531e+01
-2.124475669860839844e+01
-2.407095336914062500e+01
-1.546090984344482422e+01
-2.020370483398437500e+01
-1.975926589965820312e+01
-1.807999801635742188e+01
-1.289037895202636719e+01
-7.007904052734375000e+00
-9.400922775268554688e+00
-6.403294563293457031e+00
-1.637871551513671875e+01
-8.703120231628417969e+00
-1.547649478912353516e+01
-1.311750984191894531e+01
2.091747665405273438e+01
2.694708633422851562e+01
3.406465911865234375e+01
3.792004776000976562e+01
2.945716285705566406e+01
-6.286790370941162109e+00
-6.150154590606689453e+00
-5.394296646118164062e+00
-7.988225460052490234e+00
-1.014268970489501953e+01
-8.865726470947265625e+00
-4.521937847137451172e+00
-5.214985013008117676e-01
-3.615118408203125000e+01
-2.502703475952148438e+01
-5.096953964233398438e+01
-5.024074172973632812e+01
-4.764883804321289062e+01
-3.949362564086914062e+01
-5.244896697998046875e+01
-3.035901451110839844e+01
-2.683667373657226562e+01
3.295036315917968750e+00
3.001386225223541260e-01
-6.542712450027465820e-01
4.706505775451660156e+00
1.903691887855529785e+00
-1.745569586753845215e+00
-7.927181720733642578e-01
5.420250415802001953e+00
-1.052853298187255859e+01
-1.414494514465332031e+01
-6.895519733428955078e+00
-4.164089679718017578e+00
-3.430607080459594727e+00
-5.031202793121337891e+00
-1.230287456512451172e+01
-7.686882615089416504e-01
5.132255077362060547e+00
-1.976273345947265625e+01
-2.756016731262207031e+01
-1.771871376037597656e+01
-1.157923126220703125e+01
-1.189927291870117188e+01
-1.194931316375732422e+01
2.184684574604034424e-01
-6.055567741394042969e+00
-8.246075630187988281e+00
-7.134188175201416016e+00
-2.564867734909057617e+00
1.670694947242736816e+00
4.380796432495117188e+00
-3.608630597591400146e-01
-2.386716604232788086e+00
4.422268390655517578e+00
-1.608468413352966309e+00
6.456768035888671875e+00
4.335142135620117188e+00
3.617793560028076172e+00
2.630893886089324951e-01
1.407755017280578613e-01
1.578266620635986328e+01
1.789139938354492188e+01
2.082347106933593750e+01
-4.836827754974365234e+00
-5.933028697967529297e+00
-1.778680801391601562e+01
-2.146487808227539062e+01
-2.567053413391113281e+01
-1.486491680145263672e+01
-1.581333446502685547e+01
-1.702079582214355469e+01
-1.478255176544189453e+01
-9.213447570800781250e+00
-1.009095478057861328e+01
-3.920676469802856445e+00
-1.922688102722167969e+01
-7.552748680114746094e+00
3.793767988681793213e-01
2.721844434738159180e+00
-3.452306032180786133e+00
5.488159656524658203e+00
6.141739368438720703e+00
4.406126499176025391e+00
5.944790840148925781e+00
1.065553855895996094e+01
1.321529150009155273e+00
6.527586936950683594e+00
-1.910169029235839844e+01
-2.682037544250488281e+01
-1.646284294128417969e+01
-2.217071151733398438e+01
-1.974506950378417969e+01
-2.310221481323242188e+01
-2.100161552429199219e+01
-1.828602790832519531e+01
-1.804528045654296875e+01
-1.899341011047363281e+01
-1.692856597900390625e+01
-2.337130546569824219e+01
-2.007829666137695312e+01
-2.353820228576660156e+01
9.169228553771972656e+00
1.051056289672851562e+01
1.415514564514160156e+01
9.601516723632812500e+00
1.604804992675781250e+01
1.033963871002197266e+01
1.476039218902587891e+01
2.045522308349609375e+01
1.959271192550659180e+00
-6.517182350158691406e+00
-5.254985332489013672e+00
-9.930253982543945312e+00
-6.674476623535156250e+00
4.313893318176269531e+00
1.324402332305908203e+00
3.246755981445312500e+01
3.089742088317871094e+01
2.805237960815429688e+01
2.492158699035644531e+01
2.839431381225585938e+01
2.323870658874511719e+01
1.219850063323974609e+01
6.023822784423828125e+00
1.010683298110961914e+00
7.068133354187011719e+00
8.668864250183105469e+00
6.428863525390625000e+00
7.124632835388183594e+00
1.115639591217041016e+01
-4.043150901794433594e+00
-8.233524322509765625e+00
3.670947998762130737e-02
5.073554039001464844e+00
-1.057448029518127441e+00
-5.584838390350341797e+00
-2.409779310226440430e+00
1.293400001525878906e+01
8.530501365661621094e+00
1.086207485198974609e+01
1.659049224853515625e+01
6.465167522430419922e+00
6.913707256317138672e+00
1.025725936889648438e+01
-3.418155670166015625e+01
-4.398122787475585938e+01
-3.487935638427734375e+01
-3.825357055664062500e+01
-3.606845092773437500e+01
5.727275848388671875e+00
8.870884895324707031e+00
-7.139288634061813354e-02
1.722113370895385742e+00
-4.823840618133544922e+00
-7.329406738281250000e-01
-9.438960075378417969e+00
-6.425778865814208984e+00
-7.560328960418701172e+00
-7.744002342224121094e+00
-1.135971546173095703e+01
-1.082654571533203125e+01
-1.445022201538085938e+01
-3.439069688320159912e-01
-7.071587085723876953e+00
-3.298174142837524414e+00
3.980850934982299805e+00
1.909910917282104492e+00
1.176154899597167969e+01
-5.933387756347656250e+00
-2.533052921295166016e+00
1.273785495758056641e+01
1.650615692138671875e+00
-2.109251737594604492e+00
5.786071777343750000e+00
-6.997748851776123047e+00
-6.034846782684326172e+00
-1.759894752502441406e+01
-1.656859779357910156e+01
-1.475530719757080078e+01
-1.162954998016357422e+01
-2.023570632934570312e+01
-4.399018287658691406e+00
-2.652054309844970703e+00
-4.802657127380371094e+00
-7.151021003723144531e+00
1.442159533500671387e+00
-8.812496185302734375e+00
-8.260664939880371094e+00
-6.466678142547607422e+00
-1.125831890106201172e+01
-1.728960275650024414e+00
-9.035333633422851562e+00
-2.567545318603515625e+01
-2.136617422103881836e+00
-1.941903114318847656e+00
-8.555320739746093750e+00
-9.091596603393554688e+00
-7.147289752960205078e+00
-1.363980102539062500e+01
-8.452371597290039062e+00
-6.762078285217285156e+00
-1.602458763122558594e+01
-1.233489036560058594e+01
-2.570270347595214844e+01
-2.726776885986328125e+01
-7.568175792694091797e+00
-1.928473854064941406e+01
-1.023897552490234375e+01
-1.282909107208251953e+01
4.815902709960937500e+00
1.191827011108398438e+01
8.937424659729003906e+00
-5.980716347694396973e-01
6.329414367675781250e+00
2.214360713958740234e+00
3.345926523208618164e+00
-3.581660509109497070e+00
3.050256252288818359e+00
6.602362155914306641e+00
6.425246238708496094e+00
-4.325757980346679688e+00
-3.480700254440307617e+00
-1.942913174629211426e+00
1.503618049621582031e+01
1.811559104919433594e+01
1.641816711425781250e+01
-3.396946334838867188e+01
-1.642315292358398438e+01
-1.276652812957763672e+01
-7.456340312957763672e+00
7.891689985990524292e-02
-8.644230842590332031e+00
-3.623730659484863281e+00
1.001606941223144531e+01
4.350256919860839844e+00
1.433947372436523438e+01
4.534011840820312500e+00
8.927540779113769531e+00
6.742579460144042969e+00
1.892256736755371094e+01
4.130303859710693359e+00
4.153073310852050781e+00
1.428485584259033203e+01
1.684713745117187500e+01
1.077152729034423828e+01
1.413083362579345703e+01
4.608939170837402344e+00
5.568504333496093750e+00
2.234038925170898438e+01
1.343184852600097656e+01
1.247985553741455078e+01
1.838099670410156250e+01
-2.851012039184570312e+01
-3.264677810668945312e+01
-3.582980346679687500e+01
-3.286072921752929688e+01
-1.281206798553466797e+01
-2.246491432189941406e+01
-2.278631591796875000e+01
-1.028239345550537109e+01
-9.407183647155761719e+00
-9.747572898864746094e+00
-8.345447540283203125e+00
-4.256325066089630127e-01
-7.148511886596679688e+00
-8.439233779907226562e+00
-7.866588592529296875e+00
2.035218238830566406e+01
1.067622375488281250e+01
1.183815383911132812e+01
1.497376060485839844e+01
1.311764812469482422e+01
1.098636436462402344e+01
1.356643486022949219e+01
1.330296421051025391e+01
1.876383399963378906e+01
9.181647300720214844e+00
8.768021583557128906e+00
2.505758476257324219e+01
1.660155105590820312e+01
-1.466796875000000000e+01
-2.492825746536254883e+00
-1.092379570007324219e+01
-1.393721342086791992e+00
1.196682572364807129e+00
-3.705951929092407227e+00
-4.558267593383789062e+00
-6.730705738067626953e+00
-1.565151500701904297e+01
-9.061773300170898438e+00
-3.357777833938598633e+00
-2.918173789978027344e+00
-1.759891957044601440e-01
-6.840575218200683594e+00
-1.258603477478027344e+01
-5.813572406768798828e+00
-5.373969078063964844e+00
-1.773808479309082031e+01
-2.081804656982421875e+01
-1.710286140441894531e+01
-5.691836357116699219e+00
-7.808468818664550781e+00
1.594993591308593750e+01
1.765310478210449219e+01
2.458335494995117188e+01
2.650188064575195312e+01
-4.999519824981689453e+00
7.466785430908203125e+00
4.807868957519531250e+00
1.596848726272583008e+00
3.058358430862426758e+00
-7.780799865722656250e-01
1.435074710845947266e+01
-1.074947738647460938e+01
-1.221965694427490234e+01
-1.763165283203125000e+01
-1.303496360778808594e+01
7.219930887222290039e-01
-1.315341091156005859e+01
-6.568061828613281250e+00
-6.173292160034179688e+00
-5.649207592010498047e+00
-7.643785476684570312e+00
-7.992897987365722656e+00
-5.195528030395507812e+00
6.217374801635742188e+00
1.504300689697265625e+01
8.014253616333007812e+00
1.032221889495849609e+01
1.149786663055419922e+01
1.251822662353515625e+01
1.059385871887207031e+01
6.322501182556152344e+00
-2.541617393493652344e+00
-2.022876024246215820e+00
3.049782037734985352e+00
6.892747879028320312e+00
3.033185720443725586e+00
1.182085990905761719e+00
2.799328804016113281e+00
-2.116174101829528809e-01
-4.697827994823455811e-01
-1.232247257232666016e+01
-2.436447715759277344e+01
-1.123454189300537109e+01
-7.943443298339843750e+00
-5.117109775543212891e+00
-5.242234230041503906e+00
-1.243582248687744141e+01
-7.798759937286376953e+00
-8.851196289062500000e+00
-6.711345672607421875e+00
-3.826071977615356445e+00
8.495221138000488281e-01
-3.162652492523193359e+00
1.459289669990539551e+00
3.592448234558105469e+00
-1.552285075187683105e+00
-4.018025398254394531e+00
-1.008544635772705078e+01
-8.603968620300292969e+00
5.149528884887695312e+01
4.309406661987304688e+01
4.508322143554687500e+01
-6.032011032104492188e+00
1.774887144565582275e-01
3.660492002964019775e-01
-9.439034461975097656e+00
-5.835302829742431641e+00
-3.443651914596557617e+00
-7.164881706237792969e+00
-7.443840980529785156e+00
-4.603779315948486328e+00
-2.764875173568725586e+00
-7.690208435058593750e+00
-3.443648815155029297e-01
9.936053752899169922e-01
-2.339846992492675781e+01
-4.804169654846191406e+00
-3.199873208999633789e+00
1.583452582359313965e+00
1.136897850036621094e+01
4.616794586181640625e+00
-8.427489995956420898e-01
-6.636289954185485840e-01
2.600754022598266602e+00
8.277877569198608398e-01
-4.218052923679351807e-01
5.455067753791809082e-01
2.198138952255249023e+00
5.301851272583007812e+00
5.912847518920898438e+00
-1.044790554046630859e+01
-1.587227058410644531e+01
-4.477446556091308594e+00
-7.671337604522705078e+00
-6.525967270135879517e-02
-1.467082691192626953e+01
-1.117869186401367188e+01
-1.502653598785400391e+01
9.449159622192382812e+00
1.752065849304199219e+01
5.152491569519042969e+00
8.658755302429199219e+00
9.061288833618164062e+00
6.093905925750732422e+00
1.137340450286865234e+01
9.758447647094726562e+00
1.301960468292236328e+01
1.613284301757812500e+01
1.020607280731201172e+01
8.617667198181152344e+00
1.527414083480834961e+00
1.696945762634277344e+01
1.372118949890136719e+01
1.572859096527099609e+01
8.573167800903320312e+00
1.921350479125976562e+01
1.650128364562988281e+01
1.617272949218750000e+01
1.509831619262695312e+01
-1.628049254417419434e+00
-5.156902670860290527e-01
-1.506584882736206055e+00
4.627063751220703125e+00
-6.930843353271484375e+00
-2.480613708496093750e+01
-2.120190048217773438e+01
-2.630640220642089844e+01
-2.642480850219726562e+01
-3.649415254592895508e+00
-1.479653072357177734e+01
-2.557183837890625000e+01
-4.175998687744140625e+00
-6.736876487731933594e+00
-7.077800273895263672e+00
-5.003024101257324219e+00
-5.370624542236328125e+00
-9.998997688293457031e+00
-5.203389644622802734e+00
-7.091678380966186523e-01
-1.324005031585693359e+01
-2.381488418579101562e+01
-1.699805068969726562e+01
-1.085236835479736328e+01
-1.249832057952880859e+01
-1.355111885070800781e+01
-2.954285383224487305e+00
-2.538304328918457031e+01
-3.280885314941406250e+01
-3.312343597412109375e+01
-3.191772079467773438e+01
-2.678282737731933594e+01
-6.389732360839843750e+00
-7.864375114440917969e+00
-3.368499755859375000e+00
9.935786247253417969e+00
8.901947021484375000e+00
-8.583772927522659302e-02
-1.924931764602661133e+00
1.579702198505401611e-01
2.043909788131713867e+00
3.624152898788452148e+00
1.511052322387695312e+01
8.666326522827148438e+00
4.143618106842041016e+00
4.286529064178466797e+00
7.028941154479980469e+00
-1.668408632278442383e+00
-4.809075355529785156e+00
1.430469393730163574e+00
-7.220298290252685547e+00
-3.565116643905639648e+00
-5.999640941619873047e+00
3.242838680744171143e-01
-6.254409313201904297e+00
8.767716884613037109e-01
1.770759701728820801e+00
-3.025614500045776367e+00
-5.020596504211425781e+00
-5.792685508728027344e+00
-1.520351219177246094e+01
-1.342674446105957031e+01
-1.156816101074218750e+01
-2.036698579788208008e+00
-2.644982814788818359e+00
-1.627988624572753906e+01
-4.264606952667236328e+00
-6.040026187896728516e+00
-3.689918518066406250e+00
-1.077286529541015625e+01
-7.456985950469970703e+00
-3.260440111160278320e+00
-5.812394618988037109e+00
5.599968910217285156e+00
5.756078720092773438e+00
2.798150539398193359e+00
5.758050918579101562e+00
4.266727268695831299e-01
7.609807968139648438e+00
7.724856853485107422e+00
6.979796409606933594e+00
1.459415626525878906e+01
-3.901057052612304688e+01
-3.311036300659179688e+01
-2.390113067626953125e+01
-3.276395034790039062e+01
-3.133419036865234375e+01
-1.765713310241699219e+01
-2.359281158447265625e+01
-7.569632053375244141e+00
-6.569916725158691406e+00
-7.315311431884765625e+00
-2.614066505432128906e+01
-2.156803512573242188e+01
-1.395497512817382812e+01
-9.241579055786132812e+00
-1.229217433929443359e+01
-4.715533256530761719e+00
4.126363754272460938e+00
1.139396953582763672e+01
1.390672397613525391e+01
1.584087944030761719e+01
1.280343246459960938e+01
8.800436019897460938e+00
8.760890007019042969e+00
9.067143440246582031e+00
5.657773971557617188e+00
7.907777309417724609e+00
-9.696162223815917969e+00
-1.736595153808593750e+01
-1.301265335083007812e+01
-7.720763683319091797e+00
-7.643940925598144531e+00
-5.691619396209716797e+00
-8.268243789672851562e+00
-5.479166030883789062e+00
-1.278480148315429688e+01
-7.273972034454345703e+00
-1.607230377197265625e+01
-1.567462158203125000e+01
-8.019362449645996094e+00
-8.074210166931152344e+00
-9.384048461914062500e+00
-8.876635551452636719e+00
-1.331453037261962891e+01
-5.882114887237548828e+00
-1.288165378570556641e+01
-7.371387481689453125e+00
-1.118617439270019531e+01
-1.114624309539794922e+01
-1.095437145233154297e+01
-4.017948150634765625e+00
-3.139433622360229492e+00
1.358697414398193359e+01
8.521923065185546875e+00
5.947293281555175781e+00
5.169850349426269531e+00
1.258025074005126953e+01
1.680751037597656250e+01
2.205620384216308594e+01
1.698534488677978516e+00
7.842050075531005859e+00
1.009615612030029297e+01
1.370380592346191406e+01
2.014555931091308594e+01
1.600499343872070312e+01
-1.286207556724548340e+00
1.427124977111816406e+01
9.856945991516113281e+00
8.229669570922851562e+00
7.572248458862304688e+00
5.730452060699462891e+00
-3.085086107254028320e+00
-1.046128392219543457e+00
-1.354853391647338867e+00
-2.151794731616973877e-01
1.980280160903930664e+00
3.318850696086883545e-01
7.600843906402587891e+00
8.018738746643066406e+00
1.298427486419677734e+01
1.756762504577636719e+01
7.861699581146240234e+00
7.125970840454101562e+00
-2.180673599243164062e+00
-5.114146232604980469e+00
4.920216083526611328e+00
-8.453624248504638672e-01
1.737303256988525391e+00
-1.426458477973937988e+00
1.262052249908447266e+01
9.828063011169433594e+00
4.716927528381347656e+00
1.317448425292968750e+01
1.516054630279541016e+01
1.709947395324707031e+01
1.811134910583496094e+01
2.001251029968261719e+01
1.435077476501464844e+01
1.117809486389160156e+01
-2.269721412658691406e+01
-3.515166091918945312e+01
-1.964675521850585938e+01
-2.738514328002929688e+01
-2.375575065612792969e+01
-2.723974800109863281e+01
-2.099456596374511719e+01
-2.289441871643066406e+01
-1.364368820190429688e+01
-3.473912179470062256e-01
2.610906982421875000e+01
2.486800003051757812e+01
2.312798881530761719e+01
1.764406394958496094e+01
3.417521286010742188e+01
1.277106380462646484e+01
1.604231071472167969e+01
1.010007095336914062e+01
8.951680183410644531e+00
8.297576904296875000e+00
7.522468090057373047e+00
5.844746112823486328e+00
6.784797191619873047e+00
6.614163875579833984e+00
7.108582973480224609e+00
4.482632160186767578e+00
3.925120115280151367e+00
1.260832786560058594e+01
5.748827934265136719e+00
3.131019783020019531e+01
4.280167388916015625e+01
3.951514434814453125e+01
4.671639251708984375e+01
-3.654384016990661621e-01
2.679132699966430664e+00
4.762010276317596436e-01
-6.796004176139831543e-01
4.611397743225097656e+00
1.823837876319885254e+00
1.019542694091796875e+00
7.403900623321533203e-01
2.342937469482421875e+00
-3.278065204620361328e+00
-1.170255851745605469e+01
5.510680675506591797e+00
9.599227905273437500e+00
4.753848075866699219e+00
1.015837001800537109e+01
8.983156204223632812e+00
-8.277411460876464844e+00
3.936016559600830078e-01
-1.863084602355957031e+01
-1.568045139312744141e+01
-2.205273437500000000e+01
-3.187736701965332031e+01
-1.795634460449218750e+01
-2.073470354080200195e+00
8.141468048095703125e+00
1.420952510833740234e+01
2.299071884155273438e+01
1.348145675659179688e+01
1.292585086822509766e+01
6.458865165710449219e+00
1.169959545135498047e+01
9.578742027282714844e+00
1.062355613708496094e+01
1.043016719818115234e+01
-4.490020275115966797e+00
-2.424042463302612305e+00
-7.839113235473632812e+00
5.519351959228515625e-01
-1.550224423408508301e+00
1.895247936248779297e+00
1.251905918121337891e+01
1.219611358642578125e+01
6.511941909790039062e+00
1.664640045166015625e+01
1.226811599731445312e+01
1.023881435394287109e+01
5.400315284729003906e+00
4.213353157043457031e+00
1.314028358459472656e+01
4.092186689376831055e-01
8.099699974060058594e+00
1.162995433807373047e+01
5.206391334533691406e+00
3.871888160705566406e+00
3.098914861679077148e+00
2.172689247131347656e+01
1.660861015319824219e+01
1.866229057312011719e+01
1.951761817932128906e+01
1.794725990295410156e+01
-1.845094680786132812e+01
-1.377597427368164062e+01
-6.959388732910156250e+00
-1.257830142974853516e+01
-1.451855182647705078e+01
-9.167507171630859375e+00
-1.227232933044433594e+01
-1.836240530014038086e+00
-3.386931657791137695e+00
-1.339567303657531738e+00
-7.107849121093750000e+00
-6.392160415649414062e+00
3.824724197387695312e+01
3.110802841186523438e+01
2.001364326477050781e+01
2.817182540893554688e+01
3.098812103271484375e+01
1.967565345764160156e+01
1.233588409423828125e+01
1.399040794372558594e+01
1.896820068359375000e+01
-2.429707765579223633e+00
-1.277386379241943359e+01
-1.718934440612792969e+01
-1.976450729370117188e+01
-9.379291534423828125e+00
-8.490203857421875000e+00
-2.942242622375488281e+01
-3.942546081542968750e+01
-1.821024703979492188e+01
-2.758406448364257812e+01
-3.385285568237304688e+01
1.443917751312255859e+01
1.605011940002441406e+01
1.429093647003173828e+01
1.682148933410644531e+01
8.154147148132324219e+00
6.413733482360839844e+00
-5.755543231964111328e+00
-7.902824878692626953e+00
-1.300066280364990234e+01
-7.166715621948242188e+00
-8.947111129760742188e+00
-9.485724449157714844e+00
1.328724861145019531e+01
1.378642845153808594e+01
6.903726100921630859e+00
6.933912754058837891e+00
1.075649547576904297e+01
1.173426246643066406e+01
2.369211769104003906e+01
1.697473907470703125e+01
1.076590538024902344e+01
9.618483543395996094e+00
5.060256004333496094e+00
6.730143070220947266e+00
5.128696918487548828e+00
-8.021200180053710938e+00
3.408372163772583008e+00
-2.378125429153442383e+00
6.434514999389648438e+00
2.038270533084869385e-01
1.300437211990356445e+00
5.078365802764892578e+00
4.426450729370117188e+00
8.642015457153320312e+00
4.159550666809082031e+00
1.025161170959472656e+01
7.752182960510253906e+00
-1.829519653320312500e+01
-1.211054039001464844e+01
-5.438296794891357422e+00
-1.485031008720397949e+00
-1.645154953002929688e+00
-8.493741989135742188e+00
-1.086124515533447266e+01
-3.027930259704589844e-01
-3.560626506805419922e+00
-3.598267078399658203e+00
-4.301089286804199219e+00
3.000553512573242188e+01
3.216672134399414062e+01
3.269089889526367188e+01
3.212388610839843750e+01
3.307288742065429688e+01
2.238459396362304688e+01
6.442209720611572266e+00
2.835277318954467773e+00
3.217956125736236572e-01
-1.090410113334655762e+00
6.450882911682128906e+00
3.248736381530761719e+00
4.475707054138183594e+00
7.743561267852783203e-01
4.598414897918701172e+00
-4.635356664657592773e-01
1.885465383529663086e+00
-2.016310214996337891e+00
3.295361250638961792e-02
-4.191376209259033203e+00
-2.959582328796386719e+00
1.403267860412597656e+00
-1.156910300254821777e+00
3.779508113861083984e+00
-5.726446151733398438e+00
-3.988346159458160400e-01
-2.449382781982421875e+00
-2.681386470794677734e+00
-6.104957580566406250e+00
-7.869699001312255859e-01
-7.043622016906738281e+00
4.597577571868896484e+00
-6.094286441802978516e+00
8.597901463508605957e-01
-1.522896409034729004e+00
-4.965966701507568359e+00
-8.802742958068847656e-01
-4.315815448760986328e+00
1.210810184478759766e+00
-9.832925796508789062e+00
-5.542308807373046875e+00
-1.388540148735046387e+00
2.809218883514404297e+00
-2.416605472564697266e+00
-4.952566325664520264e-01
8.216718673706054688e+00
1.461541557312011719e+01
1.579664230346679688e+01
7.493371486663818359e+00
5.542887687683105469e+00
4.069751799106597900e-01
5.547093391418457031e+00
3.602575361728668213e-01
1.170389747619628906e+01
1.317848801612854004e+00
4.681746959686279297e+00
-4.393577098846435547e+00
4.289951801300048828e+00
9.366333007812500000e+00
-1.505855083465576172e+01
2.900790929794311523e+00
5.619097709655761719e+00
-6.081460475921630859e+00
-3.386340379714965820e+00
3.258361053466796875e+01
2.233801460266113281e+01
2.919572639465332031e+01
-1.109556579589843750e+01
-2.576578903198242188e+01
-2.152849578857421875e+01
-1.998538589477539062e+01
-1.191010475158691406e+01
-1.083628368377685547e+01
-1.304621410369873047e+01
-1.275277423858642578e+01
-1.867141532897949219e+01
-1.401387810707092285e+00
-1.322866630554199219e+01
-1.402188205718994141e+01
-5.456624984741210938e+00
-9.744886159896850586e-01
-2.610535621643066406e+00
-1.323523139953613281e+01
-2.511583328247070312e+01
8.260756492614746094e+00
1.720565080642700195e+00
4.256732463836669922e+00
6.311872959136962891e+00
2.727288961410522461e+00
1.158380126953125000e+01
1.096343040466308594e+01
-1.250690364837646484e+01
-1.163558483123779297e+01
-9.691101074218750000e+00
-1.058624649047851562e+01
-1.100236797332763672e+01
2.458848714828491211e+00
6.554807186126708984e+00
-4.206760883331298828e+00
-3.379867792129516602e+00
4.246999740600585938e+00
6.827380657196044922e+00
-1.178376078605651855e+00
2.947794914245605469e+00
4.702577114105224609e+00
1.138445472717285156e+01
-2.291842269897460938e+01
-2.657073497772216797e+00
-8.816227912902832031e+00
-1.187064933776855469e+01
-1.280826950073242188e+01
-1.182314777374267578e+01
1.116470050811767578e+01
1.038018035888671875e+01
1.011170578002929688e+01
1.017672538757324219e+01
3.481713294982910156e+00
3.844379782676696777e-01
2.148073196411132812e+00
7.709759712219238281e+00
1.228967952728271484e+01
6.989857673645019531e+00
-1.190789985656738281e+01
-1.490952873229980469e+01
-1.399386215209960938e+01
-1.294552993774414062e+01
-1.308827304840087891e+01
-7.136167526245117188e+00
-3.506715297698974609e+00
-7.249865531921386719e+00
-1.637389373779296875e+01
-1.024640941619873047e+01
-8.081709861755371094e+00
-1.084920501708984375e+01
-9.518537521362304688e+00
-2.282630443572998047e+00
8.641133457422256470e-02
-8.760519981384277344e+00
-1.150581645965576172e+01
-5.369894981384277344e+00
-3.566564559936523438e+00
-4.261053562164306641e+00
-6.385166645050048828e+00
-1.587540817260742188e+01
-6.346537590026855469e+00
-2.615216255187988281e+00
1.627572536468505859e+00
2.068310976028442383e+00
3.305966854095458984e+00
-1.770188570022583008e+00
-9.108008384704589844e+00
2.348833382129669189e-01
2.484114646911621094e+00
-3.127413940429687500e+01
3.843827438354492188e+01
4.860484313964843750e+01
5.059912490844726562e+01
3.926111221313476562e+01
3.253620529174804688e+01
3.685875415802001953e+00
1.182427120208740234e+01
3.619055032730102539e+00
2.736148118972778320e+00
6.795292854309082031e+00
3.354058980941772461e+00
-5.016803741455078125e-02
6.402456283569335938e+00
1.073868942260742188e+01
7.532337188720703125e+00
5.146049022674560547e+00
-1.841062927246093750e+01
-2.655843734741210938e+01
-2.010358810424804688e+01
-2.893782234191894531e+01
-2.297783851623535156e+01
-1.669913482666015625e+01
1.427240073680877686e-01
-1.049021530151367188e+01
-3.096136808395385742e+00
1.665944755077362061e-01
-3.981798648834228516e+00
1.474568486213684082e+00
3.799490213394165039e+00
2.073954582214355469e+01
-3.617680549621582031e+00
3.326486587524414062e+00
8.692646980285644531e+00
1.632866668701171875e+01
-1.708747291564941406e+01
-1.417460346221923828e+01
-1.961477279663085938e+01
-2.848525047302246094e+01
-2.119386672973632812e+01
-1.778594398498535156e+01
-1.855365562438964844e+01
-3.188652610778808594e+01
-3.404018402099609375e+01
-2.394195365905761719e+01
-1.381592273712158203e+01
-3.347713708877563477e+00
1.410087966918945312e+01
6.335898399353027344e+00
3.124853372573852539e+00
6.308681964874267578e+00
9.728074073791503906e+00
1.299720668792724609e+01
-1.954432487487792969e+00
-3.104584455490112305e+00
-1.698999643325805664e+00
3.293394804000854492e+00
-1.475191879272460938e+01
-8.527854681015014648e-01
-2.589709281921386719e+01
-3.200814819335937500e+01
-3.725469970703125000e+01
-3.522114944458007812e+01
-3.657342910766601562e+01
-1.476124954223632812e+01
4.564891815185546875e+00
1.268490791320800781e+01
2.476890754699707031e+01
3.537187576293945312e+01
1.964206314086914062e+01
1.017658042907714844e+01
1.090004348754882812e+01
-1.443667125701904297e+01
-3.104918241500854492e+00
-1.380800819396972656e+01
-2.179239463806152344e+01
-2.634537124633789062e+01
-1.868046379089355469e+01
6.912876129150390625e+00
1.020994663238525391e+01
5.482945442199707031e+00
8.376729965209960938e+00
-2.087342500686645508e+00
4.169950187206268311e-01
6.515434265136718750e+00
6.101328849792480469e+00
8.870588302612304688e+00
1.226965618133544922e+01
1.192835617065429688e+01
3.084343910217285156e+00
2.405158519744873047e+00
-1.496870803833007812e+01
-5.902446508407592773e-01
-9.422734260559082031e+00
-4.640129089355468750e+00
-1.402656793594360352e+00
-4.906216144561767578e+00
-1.127332401275634766e+01
-2.598839044570922852e+00
-8.153785705566406250e+00
-5.700975418090820312e+00
-5.472138404846191406e+00
6.196916580200195312e+00
-9.734717607498168945e-01
-8.754426002502441406e+00
-1.093604755401611328e+01
-1.217332649230957031e+01
-1.842196846008300781e+01
-4.412543773651123047e+00
-1.002009868621826172e+01
-1.632672309875488281e+01
-1.723959732055664062e+01
-2.144436645507812500e+01
-1.459477901458740234e+01
-6.945706844329833984e+00
-1.024573802947998047e+01
-4.433981895446777344e+00
3.288810551166534424e-01
-3.690226793289184570e+00
-5.913960933685302734e+00
4.760805606842041016e+00
1.012108135223388672e+01
1.146205329895019531e+01
2.107962036132812500e+01
6.594343781471252441e-01
7.367489337921142578e-01
2.212314903736114502e-01
3.304900407791137695e+00
-2.616446018218994141e-01
-8.362626284360885620e-02
-5.127741336822509766e+00
3.228300571441650391e+00
-2.138084888458251953e+00
1.289956474304199219e+01
1.999891853332519531e+01
7.944116592407226562e+00
1.896568298339843750e+01
-1.414244174957275391e+01
-3.654215240478515625e+01
-3.463820266723632812e+01
-2.178885459899902344e+01
-3.502820205688476562e+01
-4.503541946411132812e+01
-4.061322021484375000e+01
-3.122708320617675781e+01
-4.033514022827148438e+01
1.402862787246704102e+00
-3.781876713037490845e-02
1.493732452392578125e+00
1.647597503662109375e+01
1.700750470161437988e+00
-5.744794845581054688e+00
-6.615439891815185547e+00
-3.551927328109741211e+00
-3.925605773925781250e+00
-7.343511581420898438e-01
8.305130004882812500e-01
3.389752388000488281e+00
3.986367464065551758e+00
4.604089260101318359e+00
1.708756446838378906e+01
1.473686790466308594e+01
1.996075630187988281e+01
-2.355776786804199219e+01
-3.062349891662597656e+01
-2.261882781982421875e+01
1.018775272369384766e+01
1.252076530456542969e+01
7.343449592590332031e+00
4.795787811279296875e+00
1.734804511070251465e+00
5.092128276824951172e+00
5.722137928009033203e+00
1.773710441589355469e+01
1.009963512420654297e+01
5.500343799591064453e+00
-1.918561339378356934e+00
6.730811595916748047e+00
5.825271606445312500e+00
1.279541015625000000e+01
5.343080163002014160e-01
9.944802284240722656e+00
-8.879025459289550781e+00
2.909116446971893311e-01
8.346000671386718750e+00
-2.231356811523437500e+01
-3.712758255004882812e+01
-3.363694000244140625e+01
-2.456697273254394531e+01
-2.084081649780273438e+01
-9.051171302795410156e+00
-1.222892284393310547e+00
1.096034407615661621e+00
-9.497248649597167969e+00
-2.083697319030761719e+01
-1.577218627929687500e+01
-9.915628433227539062e+00
-8.694204330444335938e+00
-3.509428262710571289e+00
6.825736522674560547e+00
2.185119438171386719e+01
1.067320346832275391e+01
3.655004501342773438e+00
1.027059650421142578e+01
9.446885108947753906e+00
-1.481475543975830078e+01
-5.095184803009033203e+00
-1.972856140136718750e+01
-1.634976959228515625e+01
2.334113121032714844e+00
5.522270679473876953e+00
-4.207015514373779297e+00
-1.067285060882568359e+01
-8.326418876647949219e+00
8.638411521911621094e+00
2.318029642105102539e+00
3.390633463859558105e-01
4.036993980407714844e+00
1.063823795318603516e+01
7.270644664764404297e+00
1.235527992248535156e+01
7.641981124877929688e+00
8.940255165100097656e+00
5.403151988983154297e+00
1.327843904495239258e+00
-1.227308273315429688e+01
-1.061937999725341797e+01
2.749262332916259766e+00
-3.089608430862426758e+00
-2.346715164184570312e+01
-1.755542564392089844e+01
-2.046868515014648438e+01
-1.772145843505859375e+01
-1.577681732177734375e+01
-1.042702198028564453e+01
7.519801855087280273e-01
-1.110756683349609375e+01
-1.651853942871093750e+01
-6.419560432434082031e+00
-8.533960342407226562e+00
-1.583722233772277832e+00
8.051815986633300781e+00
-2.033875226974487305e+00
-1.187676429748535156e+01
-5.065476894378662109e+00
-5.427933692932128906e+00
-5.635046482086181641e+00
-3.144777536392211914e+00
1.585366725921630859e+01
1.786384201049804688e+01
1.403700733184814453e+01
1.668832969665527344e+01
2.148216056823730469e+01
2.128160285949707031e+01
2.611586189270019531e+01
-1.450777339935302734e+01
-1.735859870910644531e+01
-5.691947460174560547e+00
1.970159769058227539e+00
-2.920827865600585938e+00
1.721334218978881836e+00
-8.242231369018554688e+00
-2.990204334259033203e+00
-2.502452135086059570e+00
1.352647066116333008e+00
7.827972412109375000e+00
-1.115264415740966797e+00
1.840293049812316895e+00
-1.219877377152442932e-01
1.825536489486694336e+00
-1.663513565063476562e+01
-1.277820682525634766e+01
-1.241716575622558594e+01
-6.232389450073242188e+00
-9.169230461120605469e-01
9.891998767852783203e-01
7.834347724914550781e+00
1.459280395507812500e+01
1.414950942993164062e+01
2.864445495605468750e+01
2.005636787414550781e+01
2.045189857482910156e+01
1.916198730468750000e+01
-3.301979446411132812e+01
-3.788695907592773438e+01
-3.496590042114257812e+01
-2.682677268981933594e+01
-2.589180946350097656e+01
-2.143971061706542969e+01
1.290676689147949219e+01
1.749036026000976562e+01
3.491439342498779297e+00
1.758178329467773438e+01
3.735719442367553711e+00
5.546324253082275391e+00
9.633061408996582031e+00
-2.921099185943603516e+00
-3.589310944080352783e-01
7.671170234680175781e+00
7.745938301086425781e+00
5.327838420867919922e+00
1.099879932403564453e+01
8.401176452636718750e+00
7.249966621398925781e+00
-3.312228393554687500e+01
-2.030930328369140625e+01
-3.320457220077514648e+00
-8.644474029541015625e+00
-1.052147579193115234e+01
-8.264916419982910156e+00
-2.898117542266845703e+00
-7.000629425048828125e+00
-4.554172992706298828e+00
8.897243499755859375e+00
8.956724166870117188e+00
4.979327619075775146e-01
-2.667534649372100830e-01
8.679799437522888184e-01
-1.875354194641113281e+01
-2.129109382629394531e+01
-1.803754043579101562e+01
-1.720944976806640625e+01
-7.593027353286743164e-01
3.671059846878051758e+00
-2.573007392883300781e+01
-3.208291625976562500e+01
-2.801463699340820312e+01
-8.856029510498046875e+00
-4.040177822113037109e+00
-4.174239730834960938e+01
-5.934394073486328125e+01
-1.001298904418945312e+01
-9.802634239196777344e+00
-1.767346143722534180e+00
-6.141820430755615234e+00
-1.185071277618408203e+01
-1.283429336547851562e+01
-5.755278587341308594e+00
1.773001074790954590e+00
-1.287672758102416992e+00
-1.777327299118041992e+00
-3.940900087356567383e+00
-2.235562086105346680e+00
-1.201233577728271484e+01
-1.134938526153564453e+01
-1.616413497924804688e+01
-1.256957530975341797e+01
-1.663763809204101562e+01
-6.529696941375732422e+00
6.800772190093994141e+00
6.628856182098388672e+00
2.457197904586791992e+00
5.003605365753173828e+00
1.906131744384765625e+00
-8.906895637512207031e+00
-6.157421588897705078e+00
-1.806735754013061523e+00
-5.277350425720214844e+00
7.835721373558044434e-01
-2.790335178375244141e+00
3.406736612319946289e+00
-6.397118568420410156e+00
1.156347751617431641e+01
9.599370002746582031e+00
4.017142772674560547e+00
1.463072586059570312e+01
-7.642433166503906250e+00
-8.615071773529052734e-01
-6.943320751190185547e+00
-7.084326744079589844e+00
-5.612444400787353516e+00
-4.824785232543945312e+00
-1.937189865112304688e+01
-2.450372505187988281e+01
-2.071044731140136719e+01
-9.712678909301757812e+00
-1.219450283050537109e+01
-9.819728851318359375e+00
-3.059667348861694336e+00
-2.348540687561035156e+01
-8.547770500183105469e+00
-1.676666831970214844e+01
-2.767616844177246094e+01
-7.859967231750488281e+00
3.135143089294433594e+01
3.256797409057617188e+01
2.934838104248046875e+01
6.255046844482421875e+00
9.192398071289062500e+00
1.271223926544189453e+01
1.376519775390625000e+01
1.257754039764404297e+01
1.118171215057373047e+01
1.091079902648925781e+01
7.558894157409667969e+00
2.946103096008300781e+00
7.861736774444580078e+00
-1.738869786262512207e+00
9.433864355087280273e-01
-1.528325557708740234e+00
-2.105373191833496094e+01
-1.124897384643554688e+01
-1.613189888000488281e+01
-4.469422817230224609e+00
-1.667644500732421875e+01
-1.700930404663085938e+01
9.280086755752563477e-01
5.124240398406982422e+00
-6.240360140800476074e-01
7.300647735595703125e+00
5.164175033569335938e+00
1.871167182922363281e+00
2.335802912712097168e-01
-3.056734323501586914e+00
1.715487670898437500e+01
8.508420944213867188e+00
1.220990753173828125e+01
8.115633010864257812e+00
1.932702636718750000e+01
1.113722324371337891e+01
-4.259732723236083984e+00
7.332004070281982422e+00
5.178563117980957031e+00
-1.361042380332946777e+00
1.228412437438964844e+01
6.772194862365722656e+00
-6.527967453002929688e+00
6.721041679382324219e+00
1.929664802551269531e+01
5.263611793518066406e+00
8.314712524414062500e+00
3.995201826095581055e+00
1.026524829864501953e+01
7.094154357910156250e+00
4.842105388641357422e+00
7.761404991149902344e+00
-3.463639450073242188e+01
-2.660521125793457031e+01
-3.006739616394042969e+01
-2.604507255554199219e+01
-3.655104446411132812e+01
-3.286035156250000000e+01
4.870520114898681641e+00
1.671501636505126953e+00
4.883957862854003906e+00
6.329681396484375000e+00
1.021225070953369141e+01
2.289209938049316406e+01
2.860077667236328125e+01
2.484736251831054688e+01
2.906925201416015625e+01
3.243365478515625000e+01
2.972865676879882812e+01
2.761353492736816406e+01
3.455491638183593750e+01
2.711985015869140625e+01
2.662235069274902344e+01
-3.019288444519042969e+01
-3.444971466064453125e+01
-7.216573953628540039e-01
-1.214847087860107422e+01
-1.198120498657226562e+01
-1.211128997802734375e+01
-1.221375751495361328e+01
-1.293245220184326172e+01
-7.558725833892822266e+00
2.552315473556518555e+00
-2.930694341659545898e+00
-8.675196647644042969e+00
3.434765100479125977e+00
9.853862762451171875e+00
1.017518234252929688e+01
7.260708332061767578e+00
3.401686251163482666e-01
7.749561309814453125e+00
6.193573951721191406e+00
1.162765312194824219e+01
6.632343769073486328e+00
8.422795295715332031e+00
1.235475778579711914e+00
1.360104560852050781e+00
3.609128475189208984e+00
4.715334892272949219e+00
4.657558441162109375e+00
6.787339687347412109e+00
2.539862394332885742e+00
2.241033792495727539e+00
2.164111137390136719e+01
6.787776947021484375e+00
5.038881301879882812e+00
6.924516201019287109e+00
6.175218582153320312e+00
9.192990303039550781e+00
2.591523933410644531e+01
1.799314117431640625e+01
1.636925506591796875e+01
1.342952728271484375e+01
1.837466430664062500e+01
-2.670382881164550781e+01
-4.178676605224609375e+01
-3.584083175659179688e+01
-4.004429244995117188e+01
-2.935443305969238281e+01
-2.909671020507812500e+01
-2.768095779418945312e+01
-1.316548061370849609e+01
-5.903304576873779297e+00
-1.268785285949707031e+01
-1.637249946594238281e+01
-8.358007431030273438e+00
3.231657296419143677e-02
4.186870574951171875e+00
-8.842629432678222656e+00
-1.027138996124267578e+01
5.114412689208984375e+01
5.356505203247070312e+01
5.361685180664062500e+01
3.713319396972656250e+01
3.733960723876953125e+01
2.683168601989746094e+01
-1.285939216613769531e+01
-1.163751316070556641e+01
-7.543447017669677734e+00
-7.540401935577392578e+00
-1.367207884788513184e+00
-2.710477828979492188e+00
-2.544582366943359375e+00
-7.871299982070922852e-01
-5.260436534881591797e+00
-1.922086179256439209e-01
-2.902354621887207031e+01
-3.187160491943359375e+01
-2.755707168579101562e+01
-3.017486572265625000e+01
-2.747596549987792969e+01
-3.782348632812500000e+01
-2.600633239746093750e+01
-1.176170539855957031e+01
6.382647991180419922e+00
1.137491130828857422e+01
1.744972229003906250e+01
1.237353801727294922e+01
1.544995594024658203e+01
1.354645633697509766e+01
2.457830429077148438e+01
6.251812726259231567e-02
4.522033214569091797e+00
1.244672966003417969e+01
2.266874074935913086e+00
-6.489981651306152344e+00
1.173005008697509766e+01
1.695429992675781250e+01
1.753888702392578125e+01
2.291092491149902344e+01
2.653471374511718750e+01
-2.060453653335571289e+00
-1.052330017089843750e+01
7.870869159698486328e+00
-8.606245040893554688e+00
-6.341750144958496094e+00
-1.068207263946533203e+01
-9.749012947082519531e+00
-1.813189888000488281e+01
-1.480462074279785156e+01
-1.969632530212402344e+01
-1.616269683837890625e+01
-1.437751197814941406e+01
-1.026273632049560547e+01
-1.236758327484130859e+01
-7.369773864746093750e+00
-6.412031650543212891e+00
5.316147327423095703e+00
1.553523635864257812e+01
1.437439441680908203e+01
6.178136348724365234e+00
1.220122528076171875e+01
7.175876617431640625e+00
1.007104301452636719e+01
1.259598159790039062e+01
-5.894778251647949219e+00
-1.663897705078125000e+01
-3.090644776821136475e-01
-1.304019331932067871e+00
-3.665561437606811523e+00
-2.054921865463256836e+00
-5.025974750518798828e+00
-1.569798469543457031e+00
8.730729103088378906e+00
8.727309226989746094e+00
1.349699497222900391e+01
1.706625556945800781e+01
7.672786712646484375e+00
5.308839321136474609e+00
1.088893032073974609e+01
1.166307163238525391e+01
3.174443244934082031e+01
2.313829231262207031e+01
3.710320663452148438e+01
8.896927833557128906e+00
1.234885120391845703e+01
1.657308006286621094e+01
1.814982032775878906e+01
2.012294197082519531e+01
3.191315841674804688e+01
-1.946513295173645020e+00
-9.700893163681030273e-01
4.144011497497558594e+00
1.724066019058227539e+00
5.604142189025878906e+00
8.643574118614196777e-01
-1.924011707305908203e+00
1.544483280181884766e+01
7.492525100708007812e+00
1.609935188293457031e+01
1.291432380676269531e+01
3.433365821838378906e+00
1.425957775115966797e+01
7.844912052154541016e+00
1.223077487945556641e+01
-1.630375671386718750e+01
-2.021723747253417969e+01
-9.264690399169921875e+00
-1.774266481399536133e+00
-5.147793292999267578e+00
-1.166433429718017578e+01
1.176718115806579590e+00
4.643160820007324219e+00
-7.555469989776611328e+00
1.893740272521972656e+01
-1.205132961273193359e+01
-1.286155700683593750e+01
-1.381546688079833984e+01
-7.817479133605957031e+00
-4.664948463439941406e+00
6.568546891212463379e-01
2.003157436847686768e-01
3.641552686691284180e+00
-2.136041164398193359e+00
3.002338409423828125e+00
5.028959274291992188e+01
4.512270927429199219e+00
7.888028144836425781e+00
3.942475080490112305e+00
6.701928615570068359e+00
7.614787101745605469e+00
-1.613879203796386719e+00
5.846643447875976562e+00
1.054557442665100098e+00
7.371828556060791016e+00
9.515381813049316406e+00
-7.119502067565917969e+00
-5.607232570648193359e+00
-2.921910524368286133e+00
7.044282436370849609e+00
8.356081962585449219e+00
4.317132186889648438e+01
3.821991348266601562e+01
4.807036972045898438e+01
5.937867736816406250e+01
4.735333251953125000e+01
-4.865316772460937500e+01
-5.061136627197265625e+01
-3.872224807739257812e+01
6.457221984863281250e+00
7.219513416290283203e+00
1.052010154724121094e+01
5.764798164367675781e+00
1.407597446441650391e+01
6.316677093505859375e+00
6.715419769287109375e+00
3.650121212005615234e+00
-2.625549793243408203e+00
-1.793678402900695801e+00
-1.947688579559326172e+00
-2.997008323669433594e+00
4.542261123657226562e+00
9.604292869567871094e+00
7.789911270141601562e+00
3.509722709655761719e+00
1.375172233581542969e+01
7.212603092193603516e+00
-2.462871551513671875e+00
2.631120383739471436e-01
-7.294304370880126953e+00
2.246363639831542969e+00
7.366067886352539062e+00
4.019782066345214844e+00
6.247913241386413574e-01
7.912166118621826172e+00
3.645633697509765625e+00
4.807576656341552734e+00
9.043000221252441406e+00
2.869900941848754883e+00
2.430669546127319336e+00
7.999002933502197266e-01
-2.082863330841064453e+00
-2.312501907348632812e+00
6.854203224182128906e+00
6.662799358367919922e+00
-1.485909557342529297e+01
-1.558484435081481934e+00
-8.281788825988769531e+00
-1.622521209716796875e+01
3.698741912841796875e+00
-2.191954374313354492e+00
-2.493440628051757812e+00
2.051959335803985596e-01
-3.013945221900939941e-01
-9.875857084989547729e-02
-7.647078990936279297e+00
-9.318940162658691406e+00
-1.804059147834777832e+00
1.072092342376708984e+01
3.766994953155517578e+00
4.493886947631835938e+00
4.593284606933593750e+00
3.456738710403442383e+00
1.251012897491455078e+01
1.524231624603271484e+01
1.005103778839111328e+01
-3.061342835426330566e-01
-4.616597652435302734e+00
1.497251701354980469e+01
2.414262008666992188e+01
2.404481470584869385e-01
1.815739250183105469e+01
1.900130844116210938e+01
-3.543185043334960938e+01
-2.640490341186523438e+01
-2.808087730407714844e+01
-2.446588325500488281e+01
-1.454350471496582031e+01
-1.283819389343261719e+01
-1.954244995117187500e+01
-2.013516426086425781e+01
-1.956227719783782959e-01
1.714488267898559570e+00
-5.608967781066894531e+00
-5.780690193176269531e+00
-8.387218475341796875e+00
-3.837202787399291992e+00
-4.095662593841552734e+00
-5.219129085540771484e+00
-4.296474933624267578e+00
6.165732860565185547e+00
4.056426048278808594e+00
3.625841856002807617e+00
-5.603805184364318848e-04
-3.389017581939697266e+00
-7.491842746734619141e+00
-5.161741733551025391e+00
3.951327085494995117e+00
1.402631878852844238e+00
1.040721416473388672e+01
8.509942054748535156e+00
1.794311904907226562e+01
7.863070487976074219e+00
4.610514163970947266e+00
5.061926841735839844e+00
-5.697775632143020630e-02
7.653178215026855469e+00
8.489310264587402344e+00
1.842763304710388184e+00
-2.869383573532104492e+00
-1.492446184158325195e+00
3.226645708084106445e+00
3.189623355865478516e+00
9.540108680725097656e+00
-2.040614700317382812e+01
-1.115163516998291016e+01
-1.923569297790527344e+01
2.469010925292968750e+01
-1.022917556762695312e+01
-1.503876686096191406e+01
-1.724094009399414062e+01
-2.258606910705566406e+01
-2.109621620178222656e+01
-1.677234649658203125e+01
-1.340711307525634766e+01
-9.019824028015136719e+00
-1.741414642333984375e+01
-1.152793216705322266e+01
-1.490439891815185547e+01
-3.958138227462768555e+00
5.572169303894042969e+00
-2.196963310241699219e+00
-1.891936957836151123e-01
-6.895391941070556641e+00
3.492167234420776367e+00
-4.300240993499755859e+00
-1.597722911834716797e+01
-1.191236019134521484e+01
-1.435359191894531250e+01
-2.002206230163574219e+01
-1.131680488586425781e+01
-7.151693820953369141e+00
-8.625213623046875000e+00
-1.137254810333251953e+01
-3.041515588760375977e+00
-1.293396663665771484e+01
-1.585189342498779297e+00
-2.487869024276733398e+00
-7.408123493194580078e+00
-6.807912349700927734e+00
-1.259932899475097656e+01
-6.517947673797607422e+00
-8.126935958862304688e+00
-7.538260459899902344e+00
-5.176830768585205078e+00
-1.260195541381835938e+01
-8.201895713806152344e+00
-3.558262109756469727e+00
2.218126773834228516e+00
-9.782289505004882812e+00
-8.119745254516601562e+00
-6.299429416656494141e+00
1.783652114868164062e+01
3.056069135665893555e+00
4.883919715881347656e+00
-4.602787971496582031e+00
-9.040525436401367188e+00
2.071915626525878906e+00
3.816205024719238281e+00
-1.026858711242675781e+01
-8.312757492065429688e+00
-7.425189495086669922e+00
-6.273533344268798828e+00
-1.534000968933105469e+01
-1.158755970001220703e+01
-1.160441398620605469e+01
-5.643765449523925781e+00
-1.317825508117675781e+01
-7.539936065673828125e+00
-1.011098861694335938e+01
-9.356473922729492188e+00
-8.606804847717285156e+00
3.740150070190429688e+01
3.408341598510742188e+01
4.057004165649414062e+01
3.080306434631347656e+01
2.282072830200195312e+01
-5.973978042602539062e+00
-7.106694698333740234e+00
3.278477668762207031e+00
-1.105289936065673828e+00
-4.803841114044189453e+00
-1.887565374374389648e+00
6.177208900451660156e+00
3.114677906036376953e+00
1.353464603424072266e+01
-5.150552749633789062e+00
-3.983034789562225342e-01
-3.597723484039306641e+00
-1.334694576263427734e+01
-1.350379943847656250e+01
-7.771086692810058594e+00
-6.799785137176513672e+00
-9.938555717468261719e+00
-9.140874862670898438e+00
-6.916290760040283203e+00
-1.930596923828125000e+01
-1.170015525817871094e+01
-1.360421276092529297e+01
-1.185470485687255859e+01
-1.837856292724609375e+01
-1.777687072753906250e+01
-9.817071914672851562e+00
-1.210999965667724609e+01
-1.162100791931152344e+01
-1.389856338500976562e+01
-4.080622196197509766e+00
-2.440433025360107422e+00
2.771530866622924805e+00
3.787669658660888672e+00
1.733985710144042969e+01
5.024777889251708984e+00
5.604854583740234375e+00
3.418286085128784180e+00
2.665014982223510742e+00
2.323235321044921875e+01
1.817165184020996094e+01
2.274172019958496094e+01
1.392129898071289062e+01
1.776472282409667969e+01
1.211166954040527344e+01
-1.260312938690185547e+01
-2.467278099060058594e+01
-6.376525402069091797e+00
-1.341600704193115234e+01
-2.829366207122802734e+00
-9.109403610229492188e+00
-7.862435817718505859e+00
-1.976689457893371582e+00
-9.593250274658203125e+00
-1.580115604400634766e+01
-2.199620246887207031e+01
-2.289457893371582031e+01
-1.367616462707519531e+01
-1.274339962005615234e+01
-2.225691556930541992e+00
2.894638538360595703e+00
-9.857151657342910767e-02
2.664660692214965820e+00
-4.742259979248046875e+00
-3.456666231155395508e+00
1.851351380348205566e+00
5.872750282287597656e+00
1.245655727386474609e+01
6.299758911132812500e+00
1.349138164520263672e+01
3.064158630371093750e+01
2.729837608337402344e+01
1.188260841369628906e+01
1.604022026062011719e+01
1.743822479248046875e+01
1.541032123565673828e+01
1.812626838684082031e+01
-6.160338401794433594e+00
-7.107676029205322266e+00
-6.848817825317382812e+00
-3.273693323135375977e+00
-3.671123266220092773e+00
-7.696990013122558594e+00
-1.120861434936523438e+01
-9.331989288330078125e+00
-1.546522331237792969e+01
2.183315849304199219e+01
2.940955924987792969e+01
1.817166328430175781e+01
1.530990028381347656e+01
2.378825187683105469e+01
-3.282511711120605469e+00
-1.115514945983886719e+01
-4.121541976928710938e+00
-1.553152942657470703e+01
-1.649760818481445312e+01
-8.221388816833496094e+00
-7.127645969390869141e+00
-9.925589561462402344e+00
-1.548574924468994141e+01
-4.925208568572998047e+00
3.075090169906616211e+00
9.500504493713378906e+00
5.359167575836181641e+00
1.379866600036621094e+00
6.302371978759765625e+00
1.696380233764648438e+01
-1.284387874603271484e+01
-7.624584674835205078e+00
-1.005396747589111328e+01
-8.981648445129394531e+00
-5.673923492431640625e-01
-2.224224472045898438e+01
-2.129484748840332031e+01
-1.427495479583740234e+01
-1.344133186340332031e+01
-1.267168807983398438e+01
-2.067568778991699219e+01
-2.062948989868164062e+01
-1.917471122741699219e+01
-1.128553199768066406e+01
-1.961173057556152344e+00
3.314910531044006348e-01
-4.272293090820312500e+00
-3.167365074157714844e+00
1.146421337127685547e+01
1.277245807647705078e+01
1.314874362945556641e+01
1.721378707885742188e+01
1.719457817077636719e+01
1.692786788940429688e+01
8.182912826538085938e+00
-1.014201736450195312e+01
-6.225706577301025391e+00
-3.650461733341217041e-01
-1.188107681274414062e+01
-1.709263038635253906e+01
-1.145619773864746094e+01
-3.833010911941528320e+00
-8.221151351928710938e+00
5.849856376647949219e+00
1.585294818878173828e+01
-2.112034416198730469e+01
-1.112195014953613281e+01
-1.057142257690429688e+01
-1.477192878723144531e+01
-2.161048507690429688e+01
9.336021423339843750e+00
-4.989975929260253906e+00
-7.722330093383789062e-01
-7.305646896362304688e+00
-1.002471446990966797e+00
-9.057094573974609375e+00
1.818850874900817871e+00
-1.524341702461242676e+00
-2.429646110534667969e+01
-1.858397865295410156e+01
-1.681502342224121094e+01
-6.872428417205810547e+00
-2.378491401672363281e+00
9.452888488769531250e+00
7.763844490051269531e+00
-3.963839769363403320e+00
-2.586784601211547852e+00
-1.371811628341674805e+00
3.270599746704101562e+01
4.337379074096679688e+01
3.440291595458984375e+01
1.975883483886718750e+01
5.692090511322021484e+00
4.437465667724609375e+00
7.762720584869384766e+00
-3.291520595550537109e+00
1.550857448577880859e+01
9.800694465637207031e+00
9.623206138610839844e+00
-6.446212768554687500e+00
-1.073324966430664062e+01
-3.117686748504638672e+00
-1.864111900329589844e+01
-1.629878807067871094e+01
-8.045381546020507812e+00
-9.599539756774902344e+00
-7.789350986480712891e+00
-1.397534179687500000e+01
-9.065583229064941406e+00
-2.989245414733886719e+00
-2.002371788024902344e+01
-1.327266120910644531e+01
-7.275450706481933594e+00
-1.330678558349609375e+01
-1.148055744171142578e+01
-9.192917823791503906e+00
-8.353044509887695312e+00
2.883902549743652344e+00
1.166045093536376953e+01
5.275527477264404297e+00
4.393673896789550781e+00
1.002071425318717957e-01
6.727170467376708984e+00
9.788620471954345703e-01
1.370002627372741699e+00
-1.527142047882080078e+01
-8.507305145263671875e+00
-1.057842063903808594e+01
-1.300040626525878906e+01
-1.011848163604736328e+01
-7.100216865539550781e+00
-5.331321716308593750e+00
-8.770827293395996094e+00
-6.480678558349609375e+00
-1.035740661621093750e+01
-8.007102012634277344e+00
-8.692637443542480469e+00
-8.692131996154785156e+00
-5.195031642913818359e+00
-4.957132339477539062e+00
-1.676163101196289062e+01
-7.976295471191406250e+00
-1.937639999389648438e+01
-1.817545700073242188e+01
-1.854150390625000000e+01
-1.266594219207763672e+01
-1.117148113250732422e+01
-1.072316741943359375e+01
-1.879908752441406250e+01
-1.317064857482910156e+01
-7.519189357757568359e+00
5.649386882781982422e+00
5.306096076965332031e+00
-3.297952115535736084e-01
-7.382092475891113281e+00
-6.650329113006591797e+00
-5.719454288482666016e-01
4.523092210292816162e-01
-3.354031324386596680e+00
-5.859870433807373047e+00
-9.391590118408203125e+00
-2.669252157211303711e+00
-1.515767955780029297e+01
-2.325762271881103516e+00
-1.734715819358825684e+00
-6.380178928375244141e+00
-7.773542881011962891e+00
-1.215276622772216797e+01
-1.245952510833740234e+01
-9.667053222656250000e+00
-1.743744087219238281e+01
-1.143239212036132812e+01
-4.536992073059082031e+00
-5.429785728454589844e+00
-5.986654758453369141e+00
-5.101334095001220703e+00
5.020595550537109375e+00
8.046612739562988281e+00
6.114986896514892578e+00
1.273519897460937500e+01
1.031421279907226562e+01
-4.564463794231414795e-01
-4.852074623107910156e+00
-3.663395941257476807e-01
4.113456726074218750e+00
1.392600822448730469e+01
3.994204282760620117e+00
4.344367504119873047e+00
3.414817154407501221e-01
2.861035823822021484e+00
9.861845016479492188e+00
9.580897331237792969e+00
1.033846187591552734e+01
4.508435249328613281e+00
-1.562010884284973145e+00
2.913131237030029297e+00
-4.877171516418457031e+00
-1.598989486694335938e+01
-9.768467903137207031e+00
-1.321638393402099609e+01
-1.044755363464355469e+01
9.453853607177734375e+00
6.374715805053710938e+00
-1.640142083168029785e+00
6.475892066955566406e+00
-2.249502658843994141e+00
1.435106754302978516e+01
6.904873847961425781e+00
6.897835731506347656e+00
1.020728492736816406e+01
-2.417651891708374023e+00
1.222192001342773438e+01
3.729328155517578125e+00
2.683870792388916016e+00
-1.143707111477851868e-01
-2.611412405967712402e-01
4.912351131439208984e+00
-1.116451168060302734e+01
-1.527013969421386719e+01
-1.727048873901367188e+01
-1.597780704498291016e+01
-9.614564895629882812e+00
-5.323470115661621094e+00
-6.375251770019531250e+00
